<?xml version="1.0" encoding="UTF-8" standalone="no"?>
<svg
   xmlns:dc="http://purl.org/dc/elements/1.1/"
   xmlns:cc="http://creativecommons.org/ns#"
   xmlns:rdf="http://www.w3.org/1999/02/22-rdf-syntax-ns#"
   xmlns:svg="http://www.w3.org/2000/svg"
   xmlns="http://www.w3.org/2000/svg"
   xmlns:sodipodi="http://sodipodi.sourceforge.net/DTD/sodipodi-0.dtd"
   xmlns:inkscape="http://www.inkscape.org/namespaces/inkscape"
   viewBox="0 0 744.09448 744.09449"
   id="svg4367"
   version="1.1"
   inkscape:version="0.91 r13725"
   sodipodi:docname="studio.svg"
   width="210mm"
   height="210mm">
  <metadata
     id="metadata4385">
    <rdf:RDF>
      <cc:Work
         rdf:about="">
        <dc:format>image/svg+xml</dc:format>
        <dc:type
           rdf:resource="http://purl.org/dc/dcmitype/StillImage" />
        <dc:title></dc:title>
      </cc:Work>
    </rdf:RDF>
  </metadata>
  <defs
     id="defs4383">
    <clipPath
       clipPathUnits="userSpaceOnUse"
       id="clipPath5550">
      <g
         id="g5552"
         transform="matrix(0.20980366,0,0,0.20980366,-19.657497,52.631694)">
        <g
           id="g5554">
          <path
             id="path5556"
             d="m 621.38027,-29.299483 c -53.75451,-15.076649 -81.97521,-22.320746 -158.92494,-46.003335 -8.02908,-2.116676 -15.69196,-3.895543 -21.89457,-5.295144 -2.59038,-0.585022 -10.32388,-1.689808 -21.05774,-1.689808 -16.97486,0 -42.87324,2.743924 -69.83878,15.819404 -36.49787,17.698846 -62.59586,55.670024 -72.12051,71.1738851 l -0.94816,1.5416338 C 269.0302,18.54721 261.20763,31.267225 256.25644,45.564957 c -7.18764,20.755244 0.60422,37.948146 20.84507,45.990284 7.97764,3.168488 17.10998,4.708586 27.91908,4.708586 0.68022,0 1.35814,-0.0061 2.03452,-0.01689 19.27273,-0.312473 34.86181,-0.954309 49.06357,-2.01994 18.64395,-1.39653 34.92707,-4.293235 49.77681,-8.850575 48.81098,-14.981026 95.08687,-31.460692 150.50738,-51.448957 14.27393,-5.147737 28.75899,-10.438274 42.76652,-15.553765 6.68092,-2.439897 20.2278,-7.374967 20.31916,-7.405677 6.48592,-2.1274242 7.44022,-7.005682 7.4241,-9.7580511 l 0.004,-23.1352559 c 0.002,-3.417237 -2.25564,-6.422194 -5.53622,-7.374199 z m -9.821,26.8066163 c -5.88554,2.14508206 -11.77031,4.294003 -17.65509,6.4444593 C 579.90971,9.0609418 565.44154,14.346105 551.19525,19.482325 495.97128,39.39919 449.87428,55.815901 401.39189,70.696352 c -13.74342,4.218764 -28.92943,6.90741 -46.41945,8.217953 -7.36268,0.552009 -15.12843,0.986553 -23.6174,1.32129 10.45823,-12.716943 13.55072,-23.50147 9.44327,-32.722866 -4.84601,-10.87205 -18.70075,-16.95183 -42.35884,-18.588665 -6.2387,-0.431473 -12.26551,-0.482144 -17.31037,-0.38464 l 7.36038,-11.74421 9.22524,1.623015 c 0.009,0.0015 23.65962,4.391507 43.74079,0.01766 13.0724,-2.846802 22.51107,-12.1718437 28.20852,-17.49462624 0.42609,-0.3976924 45.42983,-42.10856076 45.04672,-52.52687276 -0.11209,-3.016473 -1.33818,-5.715867 -3.58153,-7.596077 -2.68097,-2.24796 -7.33966,-4.463675 -20.41283,-4.920484 11.05477,-2.18654 20.96714,-2.831447 28.78817,-2.831447 9.8448,0 16.44818,1.03569 17.67581,1.312846 8.11277,1.831842 18.77983,4.323945 29.31484,7.352703 l 127.33297,36.959287 -145.10705,-3.348907 c -0.0461,-0.0031 -0.0891,-0.0046 -0.13359,-0.0046 -33.64877,0 -61.33983,39.078267 -62.50296,40.741205 -0.43839,0.628784 -0.46296,1.45795 -0.0584,2.109766 0.35316,0.571203 0.97427,0.910547 1.63146,0.910547 0.0937,0 0.18809,-0.0077 0.2833,-0.02073 l 223.6214,-28.4856855 z"
             inkscape:connector-curvature="0"
             sodipodi:nodetypes="cccscccccsccccsccccccccccccccccccccsccccsccsccc" />
        </g>
        <g
           id="g5558" />
        <g
           id="g5560" />
        <g
           id="g5562" />
        <g
           id="g5564" />
        <g
           id="g5566" />
        <g
           id="g5568" />
        <g
           id="g5570" />
        <g
           id="g5572" />
        <g
           id="g5574" />
        <g
           id="g5576" />
        <g
           id="g5578" />
        <g
           id="g5580" />
        <g
           id="g5582" />
        <g
           id="g5584" />
        <g
           id="g5586" />
      </g>
    </clipPath>
    <clipPath
       clipPathUnits="userSpaceOnUse"
       id="clipPath5550-1">
      <g
         id="g5552-7"
         transform="matrix(0.20980366,0,0,0.20980366,-19.657497,52.631694)">
        <g
           id="g5554-8">
          <path
             id="path5556-3"
             d="m 621.38027,-29.299483 c -53.75451,-15.076649 -81.97521,-22.320746 -158.92494,-46.003335 -8.02908,-2.116676 -15.69196,-3.895543 -21.89457,-5.295144 -2.59038,-0.585022 -10.32388,-1.689808 -21.05774,-1.689808 -16.97486,0 -42.87324,2.743924 -69.83878,15.819404 -36.49787,17.698846 -62.59586,55.670024 -72.12051,71.1738851 l -0.94816,1.5416338 C 269.0302,18.54721 261.20763,31.267225 256.25644,45.564957 c -7.18764,20.755244 0.60422,37.948146 20.84507,45.990284 7.97764,3.168488 17.10998,4.708586 27.91908,4.708586 0.68022,0 1.35814,-0.0061 2.03452,-0.01689 19.27273,-0.312473 34.86181,-0.954309 49.06357,-2.01994 18.64395,-1.39653 34.92707,-4.293235 49.77681,-8.850575 48.81098,-14.981026 95.08687,-31.460692 150.50738,-51.448957 14.27393,-5.147737 28.75899,-10.438274 42.76652,-15.553765 6.68092,-2.439897 20.2278,-7.374967 20.31916,-7.405677 6.48592,-2.1274242 7.44022,-7.005682 7.4241,-9.7580511 l 0.004,-23.1352559 c 0.002,-3.417237 -2.25564,-6.422194 -5.53622,-7.374199 z m -9.821,26.8066163 c -5.88554,2.14508206 -11.77031,4.294003 -17.65509,6.4444593 C 579.90971,9.0609418 565.44154,14.346105 551.19525,19.482325 495.97128,39.39919 449.87428,55.815901 401.39189,70.696352 c -13.74342,4.218764 -28.92943,6.90741 -46.41945,8.217953 -7.36268,0.552009 -15.12843,0.986553 -23.6174,1.32129 10.45823,-12.716943 13.55072,-23.50147 9.44327,-32.722866 -4.84601,-10.87205 -18.70075,-16.95183 -42.35884,-18.588665 -6.2387,-0.431473 -12.26551,-0.482144 -17.31037,-0.38464 l 7.36038,-11.74421 9.22524,1.623015 c 0.009,0.0015 23.65962,4.391507 43.74079,0.01766 13.0724,-2.846802 22.51107,-12.1718437 28.20852,-17.49462624 0.42609,-0.3976924 45.42983,-42.10856076 45.04672,-52.52687276 -0.11209,-3.016473 -1.33818,-5.715867 -3.58153,-7.596077 -2.68097,-2.24796 -7.33966,-4.463675 -20.41283,-4.920484 11.05477,-2.18654 20.96714,-2.831447 28.78817,-2.831447 9.8448,0 16.44818,1.03569 17.67581,1.312846 8.11277,1.831842 18.77983,4.323945 29.31484,7.352703 l 127.33297,36.959287 -145.10705,-3.348907 c -0.0461,-0.0031 -0.0891,-0.0046 -0.13359,-0.0046 -33.64877,0 -61.33983,39.078267 -62.50296,40.741205 -0.43839,0.628784 -0.46296,1.45795 -0.0584,2.109766 0.35316,0.571203 0.97427,0.910547 1.63146,0.910547 0.0937,0 0.18809,-0.0077 0.2833,-0.02073 l 223.6214,-28.4856855 z"
             inkscape:connector-curvature="0"
             sodipodi:nodetypes="cccscccccsccccsccccccccccccccccccccsccccsccsccc" />
        </g>
        <g
           id="g5558-7" />
        <g
           id="g5560-9" />
        <g
           id="g5562-7" />
        <g
           id="g5564-2" />
        <g
           id="g5566-1" />
        <g
           id="g5568-2" />
        <g
           id="g5570-6" />
        <g
           id="g5572-7" />
        <g
           id="g5574-8" />
        <g
           id="g5576-5" />
        <g
           id="g5578-2" />
        <g
           id="g5580-8" />
        <g
           id="g5582-5" />
        <g
           id="g5584-0" />
        <g
           id="g5586-3" />
      </g>
    </clipPath>
  </defs>
  <sodipodi:namedview
     pagecolor="#ffffff"
     bordercolor="#666666"
     borderopacity="1"
     objecttolerance="10"
     gridtolerance="10"
     guidetolerance="10"
     inkscape:pageopacity="0"
     inkscape:pageshadow="2"
     inkscape:window-width="2511"
     inkscape:window-height="1056"
     id="namedview4381"
     showgrid="false"
     inkscape:zoom="0.7175633"
     inkscape:cx="-166.64549"
     inkscape:cy="356.50871"
     inkscape:window-x="49"
     inkscape:window-y="24"
     inkscape:window-maximized="1"
     inkscape:current-layer="svg4367"
     units="mm" />
  <g
     style="fill:#d25a52;fill-opacity:1;stroke:#000000;stroke-opacity:1"
     transform="matrix(0.50601457,0,0,0.50601457,9.468809,338.19816)"
     id="g11585">
    <g
       style="fill:#d25a52;fill-opacity:1;stroke:#000000;stroke-opacity:1"
       id="g11587">
      <g
         style="fill:#d25a52;fill-opacity:1;stroke:#000000;stroke-opacity:1"
         id="g11589">
        <path
           style="fill:#d25a52;fill-opacity:1;stroke:#000000;stroke-opacity:1"
           inkscape:connector-curvature="0"
           d="m 404.308,426.769 -22.462,0 c -6.208,0 -11.231,-5.023 -11.231,-11.231 0,-6.208 5.023,-11.231 11.231,-11.231 l 22.462,0 c 30.972,0 56.154,-25.181 56.154,-56.154 C 460.462,317.18 435.28,292 404.308,292 l -22.462,0 c -6.208,0 -11.231,-5.023 -11.231,-11.231 0,-6.208 5.023,-11.231 11.231,-11.231 l 22.462,0 c 43.344,0 78.615,35.272 78.615,78.615 0,43.343 -35.271,78.616 -78.615,78.616 z"
           id="path11591" />
        <path
           style="fill:#d25a52;fill-opacity:1;stroke:#000000;stroke-opacity:1"
           inkscape:connector-curvature="0"
           d="m 336.923,539.077 -202.153,0 c -30.961,0 -56.154,-25.181 -56.154,-56.154 l 0,-247.077 c 0,-6.208 5.023,-11.231 11.231,-11.231 l 218.013,0 50.78,-91.228 c -4.212,-4.19 -7.524,-9.037 -9.761,-14.389 -4.76,-11.34 -4.475,-24.469 0.79,-36.961 2.764,-6.559 7.348,-12.338 12.174,-18.436 12.657,-15.98 19.807,-26.684 7.94,-44.77 -2.523,-3.85 -2.457,-8.862 0.197,-12.635 2.676,-3.762 7.326,-5.55 11.823,-4.442 32.508,7.864 55.518,30.775 63.129,62.866 6.844,28.932 -0.768,58.72 -18.974,74.119 -6.427,5.451 -13.775,8.796 -21.672,10.013 l -28.647,75.863 6.208,0 c 6.208,0 11.231,5.023 11.231,11.231 l 0,247.077 c -10e-4,30.972 -25.182,56.154 -56.155,56.154 z m -235.846,-292 0,235.846 c 0,18.579 15.113,33.692 33.692,33.692 l 202.154,0 c 18.579,0 33.692,-15.113 33.692,-33.692 l 0,-235.846 -10.968,0 c -0.175,0 -0.351,0 -0.526,0 l -44.44,0 c -0.219,-0.022 -0.307,-0.011 -0.461,0 l -213.143,0 z m 232.49,-22.462 18.053,0 29.459,-78.001 c -1.141,-0.362 -2.281,-0.768 -3.422,-1.206 l -44.09,79.207 z m 46.569,-102.809 c 1.272,0.757 2.654,1.437 4.102,2.051 10.88,4.562 20.049,3.784 27.221,-2.259 11.516,-9.761 16.407,-31.543 11.604,-51.8 -3.685,-15.596 -12.371,-28.241 -24.765,-36.697 1.272,19.051 -10.309,33.681 -18.842,44.441 -3.861,4.881 -7.524,9.476 -9.081,13.216 -2.939,6.986 -3.224,13.753 -0.79,19.566 1.667,3.981 4.541,7.425 8.467,10.156 0.154,0.077 0.329,0.165 0.483,0.252 0.57,0.317 1.096,0.679 1.601,1.074 z"
           id="path11593" />
        <path
           style="fill:#d25a52;fill-opacity:1;stroke:#000000;stroke-opacity:1"
           inkscape:connector-curvature="0"
           d="m 179.693,247.077 -67.385,0 c -4.255,0 -8.138,-2.402 -10.046,-6.208 L 68.657,173.66 c -0.592,-1.13 -0.976,-2.336 -1.152,-3.564 L 56.307,102.92 c -0.724,-4.321 1.141,-8.664 4.76,-11.121 3.597,-2.501 8.302,-2.632 12.097,-0.351 l 55.935,33.561 c 1.261,0.724 2.413,1.7 3.345,2.917 0.011,0.011 0.011,0.022 0.022,0.033 0.011,0 -0.022,0 0.033,0.033 0.011,0 -0.011,0 0.022,0.033 0,0 0,0 0,0.011 l 0,0 c 0.011,0 0.011,0.011 0.022,0.022 0,0 0,0 0.011,0.011 0,0 0,0.011 0.011,0.022 l 0.011,0.011 c 0,0.011 0.011,0.011 0.011,0.011 0.329,0.45 0.614,0.899 0.866,1.371 l 56.055,100.912 c 1.93,3.477 1.886,7.721 -0.132,11.143 -2.017,3.432 -5.702,5.538 -9.683,5.538 z m -60.443,-22.462 41.359,0 -40.635,-73.132 -27.123,20.334 26.399,52.798 z M 82.465,123.22 l 4.19,25.171 16.78,-12.58 -20.97,-12.591 z"
           id="path11595" />
        <path
           style="fill:#d25a52;fill-opacity:1;stroke:#000000;stroke-opacity:1"
           inkscape:connector-curvature="0"
           d="m 292,247.077 -89.846,0 c -6.208,0 -11.231,-5.023 -11.231,-11.231 l 0,-224.615 C 190.923,5.023 195.947,0 202.154,0 L 292,0 c 6.208,0 11.231,5.023 11.231,11.231 l 0,224.615 c 0,6.208 -5.023,11.231 -11.231,11.231 z m -78.615,-22.462 67.385,0 0,-22.462 -11.231,0 c -6.208,0 -11.231,-5.023 -11.231,-11.231 0,-6.208 5.023,-11.231 11.231,-11.231 l 11.231,0 0,-22.462 -33.692,0 c -6.208,0 -11.231,-5.023 -11.231,-11.231 0,-6.208 5.023,-11.231 11.231,-11.231 l 33.692,0 0,-22.462 -11.231,0 c -6.208,0 -11.231,-5.023 -11.231,-11.231 0,-6.208 5.023,-11.231 11.231,-11.231 l 11.231,0 0,-22.458 -33.692,0 c -6.208,0 -11.231,-5.023 -11.231,-11.231 0,-6.208 5.023,-11.231 11.231,-11.231 l 33.692,0 0,-22.461 -67.385,0 0,202.153 z"
           id="path11597" />
      </g>
    </g>
    <g
       style="fill:#d25a52;fill-opacity:1;stroke:#000000;stroke-opacity:1"
       id="g11599" />
    <g
       style="fill:#d25a52;fill-opacity:1;stroke:#000000;stroke-opacity:1"
       id="g11601" />
    <g
       style="fill:#d25a52;fill-opacity:1;stroke:#000000;stroke-opacity:1"
       id="g11603" />
    <g
       style="fill:#d25a52;fill-opacity:1;stroke:#000000;stroke-opacity:1"
       id="g11605" />
    <g
       style="fill:#d25a52;fill-opacity:1;stroke:#000000;stroke-opacity:1"
       id="g11607" />
    <g
       style="fill:#d25a52;fill-opacity:1;stroke:#000000;stroke-opacity:1"
       id="g11609" />
    <g
       style="fill:#d25a52;fill-opacity:1;stroke:#000000;stroke-opacity:1"
       id="g11611" />
    <g
       style="fill:#d25a52;fill-opacity:1;stroke:#000000;stroke-opacity:1"
       id="g11613" />
    <g
       style="fill:#d25a52;fill-opacity:1;stroke:#000000;stroke-opacity:1"
       id="g11615" />
    <g
       style="fill:#d25a52;fill-opacity:1;stroke:#000000;stroke-opacity:1"
       id="g11617" />
    <g
       style="fill:#d25a52;fill-opacity:1;stroke:#000000;stroke-opacity:1"
       id="g11619" />
    <g
       style="fill:#d25a52;fill-opacity:1;stroke:#000000;stroke-opacity:1"
       id="g11621" />
    <g
       style="fill:#d25a52;fill-opacity:1;stroke:#000000;stroke-opacity:1"
       id="g11623" />
    <g
       style="fill:#d25a52;fill-opacity:1;stroke:#000000;stroke-opacity:1"
       id="g11625" />
    <g
       style="fill:#d25a52;fill-opacity:1;stroke:#000000;stroke-opacity:1"
       id="g11627" />
  </g>
  <path
     inkscape:connector-curvature="0"
     id="path11629"
     d="m 142.22778,194.65061 447.23847,0"
     style="fill:#999999;fill-opacity:1;fill-rule:evenodd;stroke:#af5751;stroke-width:7.7581563px;stroke-linecap:butt;stroke-linejoin:miter;stroke-opacity:1" />
  <g
     transform="matrix(1.524655,0,0,1.524655,-833.09171,-252.38892)"
     style="font-style:normal;font-variant:normal;font-weight:normal;font-stretch:normal;font-size:60.5470314px;line-height:125%;font-family:Raleway;-inkscape-font-specification:'Raleway, Normal';text-align:start;letter-spacing:0px;word-spacing:0px;writing-mode:lr-tb;text-anchor:start;fill:#000000;fill-opacity:1;stroke:none;stroke-width:1px;stroke-linecap:butt;stroke-linejoin:miter;stroke-opacity:1"
     id="text11656">
    <path
       inkscape:connector-curvature="0"
       d="m 612.09593,212.25669 3.57228,0 17.86137,42.9884 -4.48048,0 -5.57032,-13.44144 -19.31451,0 -5.50978,13.44144 -4.54102,0 17.98246,-42.9884 z m 10.41409,26.21687 -8.65822,-21.25201 -8.77932,21.25201 17.43754,0 z"
       id="path3617" />
    <path
       inkscape:connector-curvature="0"
       d="m 650.85549,255.85056 q -3.26953,0 -6.0547,-1.33204 -2.78516,-1.39258 -4.78321,-3.63282 -1.99806,-2.24024 -3.14845,-5.1465 -1.08985,-2.9668 -1.08985,-6.17579 0,-3.33009 1.08985,-6.2969 1.08985,-3.02735 2.96681,-5.26759 1.9375,-2.24024 4.54102,-3.51173 2.66407,-1.33203 5.81252,-1.33203 3.9961,0 7.084,2.11915 3.0879,2.0586 4.84376,5.0254 l 0,-19.25396 4.1172,0 0,38.8712 q 0,1.69531 1.45313,1.69531 l 0,3.63283 q -0.90821,0.18164 -1.45313,0.18164 -1.45313,0 -2.54297,-0.90821 -1.08985,-0.96875 -1.08985,-2.30078 l 0,-3.0879 q -1.87696,3.0879 -5.08595,4.90431 -3.20899,1.81641 -6.66018,1.81641 z m 0.90821,-3.63282 q 1.51368,0 3.20899,-0.60548 1.75587,-0.60547 3.26954,-1.63477 1.51368,-1.08984 2.54298,-2.48242 1.08984,-1.45313 1.33203,-3.0879 l 0,-9.74807 q -0.60547,-1.63477 -1.75586,-3.02736 -1.15039,-1.45312 -2.66407,-2.54297 -1.45313,-1.08985 -3.14845,-1.69532 -1.69531,-0.60547 -3.33008,-0.60547 -2.54298,0 -4.60158,1.08985 -2.0586,1.08985 -3.57227,2.90626 -1.45313,1.75586 -2.24024,4.05665 -0.78711,2.30078 -0.78711,4.72267 0,2.54297 0.9082,4.84376 0.90821,2.30079 2.48243,4.05665 1.57422,1.69532 3.69337,2.72462 2.17969,1.0293 4.66212,1.0293 z"
       id="path3619" />
    <path
       inkscape:connector-curvature="0"
       d="m 675.50381,255.24509 0,-31.54501 4.1172,0 0,31.54501 -4.1172,0 z m 0,-38.14463 0,-6.05471 4.1172,0 0,6.05471 -4.1172,0 z"
       id="path3621" />
    <path
       inkscape:connector-curvature="0"
       d="m 696.68013,255.85056 q -2.24024,0 -4.17774,-0.72657 -1.87696,-0.78711 -3.33009,-2.11914 -1.39258,-1.33204 -2.17969,-3.0879 -0.78711,-1.81641 -0.78711,-3.87501 0,-2.0586 0.96875,-3.81447 0.96875,-1.75586 2.72461,-3.02735 1.75587,-1.27148 4.17775,-1.9375 2.42188,-0.72657 5.32814,-0.72657 2.42188,0 4.90431,0.42383 2.48243,0.42383 4.41993,1.21094 l 0,-2.84571 q 0,-4.17774 -2.36133,-6.59962 -2.36134,-2.48243 -6.53908,-2.48243 -2.42188,0 -4.96486,0.96875 -2.54297,0.96875 -5.1465,2.78516 l -1.45313,-2.72461 q 6.11525,-4.1172 11.86722,-4.1172 5.93361,0 9.32425,3.33009 3.39063,3.33008 3.39063,9.20315 l 0,14.22855 q 0,1.69531 1.51367,1.69531 l 0,3.63283 q -1.02929,0.18164 -1.57422,0.18164 -1.57422,0 -2.48243,-0.78711 -0.84765,-0.78712 -0.9082,-2.1797 l -0.1211,-2.48243 q -2.17969,2.84572 -5.50978,4.35939 -3.26954,1.51368 -7.084,1.51368 z m 0.96875,-3.14845 q 3.209,0 5.87307,-1.21094 2.72461,-1.21094 4.11719,-3.20899 0.54493,-0.54493 0.78712,-1.1504 0.30273,-0.66601 0.30273,-1.21094 l 0,-5.14649 q -2.0586,-0.78712 -4.29884,-1.21094 -2.17969,-0.42383 -4.48048,-0.42383 -4.35938,0 -7.084,1.81641 -2.72462,1.81641 -2.72462,4.78321 0,1.45313 0.54493,2.72462 0.60547,1.27149 1.57422,2.24024 1.0293,0.9082 2.42188,1.45313 1.39258,0.54492 2.9668,0.54492 z"
       id="path3623" />
    <path
       inkscape:connector-curvature="0"
       d="m 748.26148,255.24509 -4.1172,0 0,-17.61919 q 0,-5.63087 -1.69532,-8.17385 -1.63477,-2.54297 -5.08595,-2.54297 -1.81641,0 -3.63282,0.66601 -1.81641,0.66602 -3.39063,1.87696 -1.51368,1.21094 -2.72462,2.90626 -1.21094,1.63477 -1.75586,3.57227 l 0,19.31451 -4.1172,0 0,-31.54501 3.75391,0 0,7.14455 q 1.93751,-3.45118 5.50978,-5.57032 3.63283,-2.11915 7.87112,-2.11915 2.60352,0 4.41993,0.96875 1.81641,0.96876 2.90626,2.72462 1.08985,1.75586 1.57422,4.29884 0.48438,2.54297 0.48438,5.63087 l 0,18.46685 z"
       id="path3625" />
    <path
       inkscape:connector-curvature="0"
       d="m 771.88239,253.73141 q -0.36328,0.18164 -1.08985,0.48438 -0.66601,0.30273 -1.57422,0.60547 -0.9082,0.30273 -2.0586,0.54492 -1.15039,0.24219 -2.42188,0.24219 -1.33203,0 -2.54297,-0.36328 -1.21095,-0.36329 -2.11915,-1.08985 -0.90821,-0.78711 -1.45313,-1.9375 -0.54492,-1.1504 -0.54492,-2.66407 l 0,-22.58405 -4.35939,0 0,-3.26954 4.35939,0 0,-10.65627 4.1172,0 0,10.65627 7.26564,0 0,3.26954 -7.26564,0 0,21.43365 q 0.12109,1.75587 1.21094,2.60352 1.15039,0.78712 2.60352,0.78712 1.75586,0 3.0879,-0.54493 1.33203,-0.60547 1.69531,-0.84766 l 1.08985,3.33009 z"
       id="path3627" />
    <path
       inkscape:connector-curvature="0"
       d="m 777.08564,255.24509 0,-31.54501 4.1172,0 0,31.54501 -4.1172,0 z m 0,-38.14463 0,-6.05471 4.1172,0 0,6.05471 -4.1172,0 z"
       id="path3629" />
    <path
       inkscape:connector-curvature="0"
       d="m 831.37268,223.51844 q -0.42383,-0.42383 -1.57422,-1.15039 -1.08985,-0.72657 -2.72462,-1.39258 -1.57422,-0.72657 -3.45118,-1.21094 -1.87696,-0.48438 -3.81446,-0.48438 -3.45118,0 -5.1465,1.27149 -1.69532,1.27149 -1.69532,3.57227 0,1.33204 0.60547,2.24024 0.66602,0.84766 1.87696,1.51368 1.21094,0.66602 3.02735,1.21094 1.87696,0.54492 4.29884,1.15039 3.14845,0.84766 5.69142,1.81641 2.60353,0.96876 4.35939,2.42188 1.81641,1.45313 2.78516,3.51173 0.96876,1.99805 0.96876,4.96486 0,3.45118 -1.33204,5.93361 -1.27149,2.42188 -3.51173,3.93556 -2.17969,1.51367 -5.08595,2.24024 -2.84571,0.66601 -5.99415,0.66601 -4.84376,0 -9.56643,-1.45313 -4.72267,-1.45312 -8.47659,-4.11719 l 3.69337,-7.2051 q 0.54492,0.54492 1.93751,1.45313 1.45312,0.84766 3.39063,1.75586 1.9375,0.84766 4.29884,1.45313 2.36133,0.60547 4.84376,0.60547 6.90236,0 6.90236,-4.41993 0,-1.39258 -0.78711,-2.36134 -0.78711,-0.96875 -2.24024,-1.69531 -1.45313,-0.72657 -3.51173,-1.33204 -2.0586,-0.60547 -4.60157,-1.33203 -3.0879,-0.84766 -5.38869,-1.81641 -2.24024,-1.0293 -3.75391,-2.36134 -1.51368,-1.39258 -2.30079,-3.14844 -0.72656,-1.81641 -0.72656,-4.29884 0,-3.26954 1.21094,-5.81252 1.21094,-2.54297 3.33008,-4.23829 2.1797,-1.69532 5.02541,-2.54298 2.84571,-0.9082 6.11525,-0.9082 4.54102,0 8.35549,1.45313 3.81446,1.39258 6.66017,3.33008 l -3.69337,6.78127 z"
       style="font-style:normal;font-variant:normal;font-weight:bold;font-stretch:normal;font-size:60.5470314px;line-height:125%;font-family:Raleway;-inkscape-font-specification:'Raleway, Normal';text-align:start;writing-mode:lr-tb;text-anchor:start"
       id="path3631" />
    <path
       inkscape:connector-curvature="0"
       d="m 860.76353,253.61032 q -1.63477,0.72656 -3.9961,1.45313 -2.36134,0.72656 -4.96486,0.72656 -1.69532,0 -3.20899,-0.42383 -1.45313,-0.42383 -2.60352,-1.33203 -1.08985,-0.96876 -1.75587,-2.42189 -0.66601,-1.51367 -0.66601,-3.63282 l 0,-18.22465 -4.17775,0 0,-6.23635 4.17775,0 0,-10.29299 8.1133,0 0,10.29299 6.66017,0 0,6.23635 -6.66017,0 0,15.50004 q 0,1.69531 0.84766,2.42188 0.9082,0.66602 2.17969,0.66602 1.27149,0 2.48243,-0.42383 1.21094,-0.42383 1.9375,-0.72657 l 1.63477,6.41799 z"
       style="font-style:normal;font-variant:normal;font-weight:bold;font-stretch:normal;font-size:60.5470314px;line-height:125%;font-family:Raleway;-inkscape-font-specification:'Raleway, Normal';text-align:start;writing-mode:lr-tb;text-anchor:start"
       id="path3633" />
    <path
       inkscape:connector-curvature="0"
       d="m 874.73572,255.85056 q -4.90431,0 -7.44728,-3.14845 -2.54298,-3.14844 -2.54298,-9.32424 l 0,-19.85943 8.1133,0 0,18.10356 q 0,7.3262 5.2676,7.3262 2.36133,0 4.54102,-1.39259 2.24024,-1.45313 3.63282,-4.35938 l 0,-19.67779 8.11331,0 0,22.4024 q 0,1.27149 0.42383,1.81641 0.48437,0.54493 1.51367,0.60548 l 0,6.90236 q -1.21094,0.24218 -2.0586,0.30273 -0.78711,0.0606 -1.45313,0.0606 -2.17969,0 -3.57227,-0.96875 -1.33204,-1.0293 -1.57422,-2.78517 l -0.18164,-2.54297 q -2.11915,3.26954 -5.44924,4.90431 -3.33008,1.63477 -7.32619,1.63477 z"
       style="font-style:normal;font-variant:normal;font-weight:bold;font-stretch:normal;font-size:60.5470314px;line-height:125%;font-family:Raleway;-inkscape-font-specification:'Raleway, Normal';text-align:start;writing-mode:lr-tb;text-anchor:start"
       id="path3635" />
    <path
       inkscape:connector-curvature="0"
       d="m 915.55577,255.85056 q -3.26954,0 -6.0547,-1.27149 -2.78517,-1.27149 -4.78322,-3.51173 -1.99805,-2.24024 -3.14845,-5.20704 -1.08984,-3.02735 -1.08984,-6.47854 0,-3.45118 1.0293,-6.41798 1.08984,-2.96681 2.9668,-5.20705 1.87696,-2.24024 4.48048,-3.51172 2.60352,-1.27149 5.69142,-1.27149 3.51173,0 6.29689,1.69532 2.84571,1.69531 4.41994,4.41993 l 0,-18.04302 8.1133,0 0,34.87509 q 0,1.27149 0.42383,1.81641 0.42383,0.54493 1.45313,0.60548 l 0,6.90236 q -2.11915,0.42383 -3.45118,0.42383 -2.1797,0 -3.57228,-1.08985 -1.39258,-1.08985 -1.57422,-2.84571 l -0.18164,-1.99805 q -1.75587,3.02735 -4.78322,4.60157 -2.9668,1.51368 -6.23634,1.51368 z m 2.11914,-6.90236 q 1.1504,0 2.36134,-0.36329 1.21094,-0.42383 2.24024,-1.15039 1.0293,-0.72656 1.81641,-1.69532 0.84766,-0.96875 1.27149,-2.11914 l 0,-7.56838 q -0.48438,-1.33204 -1.39258,-2.42188 -0.84766,-1.1504 -1.99806,-1.93751 -1.08984,-0.84766 -2.36133,-1.33203 -1.21094,-0.48438 -2.42188,-0.48438 -1.81641,0 -3.39064,0.78711 -1.51367,0.78711 -2.60352,2.1797 -1.08984,1.33203 -1.69531,3.08789 -0.60547,1.75587 -0.60547,3.63283 0,1.99805 0.66601,3.69336 0.66602,1.69532 1.81641,2.96681 1.1504,1.27149 2.72462,1.99805 1.63477,0.72657 3.57227,0.72657 z"
       style="font-style:normal;font-variant:normal;font-weight:bold;font-stretch:normal;font-size:60.5470314px;line-height:125%;font-family:Raleway;-inkscape-font-specification:'Raleway, Normal';text-align:start;writing-mode:lr-tb;text-anchor:start"
       id="path3637" />
    <path
       inkscape:connector-curvature="0"
       d="m 941.44151,255.24509 0,-31.72665 8.1133,0 0,31.72665 -8.1133,0 z m 0,-36.14658 0,-8.05276 8.1133,0 0,8.05276 -8.1133,0 z"
       style="font-style:normal;font-variant:normal;font-weight:bold;font-stretch:normal;font-size:60.5470314px;line-height:125%;font-family:Raleway;-inkscape-font-specification:'Raleway, Normal';text-align:start;writing-mode:lr-tb;text-anchor:start"
       id="path3639" />
    <path
       inkscape:connector-curvature="0"
       d="m 971.58541,255.85056 q -3.87501,0 -6.96291,-1.33204 -3.0879,-1.33203 -5.2676,-3.57227 -2.11914,-2.30079 -3.26953,-5.26759 -1.1504,-2.96681 -1.1504,-6.23635 0,-3.33009 1.1504,-6.29689 1.15039,-2.9668 3.26953,-5.20704 2.1797,-2.30079 5.2676,-3.63283 3.0879,-1.33203 6.96291,-1.33203 3.87501,0 6.90236,1.33203 3.0879,1.33204 5.20704,3.63283 2.17969,2.24024 3.33009,5.20704 1.15039,2.9668 1.15039,6.29689 0,3.26954 -1.15039,6.23635 -1.1504,2.9668 -3.26954,5.26759 -2.11915,2.24024 -5.20705,3.57227 -3.08789,1.33204 -6.9629,1.33204 z m -8.29495,-16.40825 q 0,2.11915 0.60547,3.87501 0.66602,1.69532 1.75587,2.96681 1.15039,1.27148 2.66407,1.99805 1.51367,0.66602 3.26954,0.66602 1.75586,0 3.26953,-0.66602 1.51368,-0.72657 2.60353,-1.99805 1.15039,-1.27149 1.75586,-3.02736 0.66602,-1.75586 0.66602,-3.87501 0,-2.05859 -0.66602,-3.81446 -0.60547,-1.75586 -1.75586,-3.02735 -1.08985,-1.27149 -2.60353,-1.93751 -1.51367,-0.72656 -3.26953,-0.72656 -1.75587,0 -3.26954,0.72656 -1.51368,0.72657 -2.66407,1.99806 -1.08985,1.27148 -1.75587,3.02735 -0.60547,1.75586 -0.60547,3.81446 z"
       style="font-style:normal;font-variant:normal;font-weight:bold;font-stretch:normal;font-size:60.5470314px;line-height:125%;font-family:Raleway;-inkscape-font-specification:'Raleway, Normal';text-align:start;writing-mode:lr-tb;text-anchor:start"
       id="path3641" />
  </g>
  <path
     style="fill:#d25a52;fill-opacity:1;stroke:#000000;stroke-width:1.05841362;stroke-miterlimit:4;stroke-dasharray:none;stroke-opacity:1"
     d="m 414.288,605.3379 c -16.75442,-1.18538 -29.40738,-4.24393 -41.1404,-9.94472 -21.95381,-10.66674 -33.16486,-29.13145 -31.46059,-51.81607 1.23124,-16.38894 9.82042,-37.26997 27.61437,-67.13287 18.09225,-30.36354 30.20727,-47.6819 47.08318,-67.30501 24.21979,-28.16251 50.18305,-49.52372 76.22511,-62.71412 27.32831,-13.8419 57.97818,-22.59063 90.19906,-25.74654 16.97441,-1.66258 36.11401,-1.52995 51.46851,0.35666 8.54675,1.05015 36.24824,7.77302 52.24712,12.67984 17.33659,5.31711 33.64634,10.27109 45.35377,13.77593 6.05917,1.81393 11.36523,3.44881 11.79128,3.63306 l 0.77458,0.335 0,11.34801 c 0,6.30412 -0.13693,11.43264 -0.30803,11.53839 -0.16947,0.10468 -14.46097,-3.91905 -31.75903,-8.94169 -39.54528,-11.48231 -47.30822,-13.57082 -69.77058,-18.7709 -11.63588,-2.6937 -19.08881,-3.41815 -35.18227,-3.41979 -10.76041,-10e-4 -20.28047,0.56013 -29.42174,1.73448 -5.91387,0.75975 -15.2484,2.30179 -15.7281,2.59827 -0.54499,0.33683 -0.29928,1.17383 0.34461,1.17383 1.79735,0 9.98272,0.76406 13.30441,1.2419 11.44758,1.64678 18.72315,5.41129 21.61247,11.18266 1.43191,2.86015 2.12455,6.69034 1.63563,9.04526 -2.16336,10.4209 -27.10306,39.42341 -64.73276,75.27807 -19.82778,18.89248 -26.41468,24.08535 -37.35344,29.44803 -6.03416,2.95825 -10.91488,4.62624 -16.98073,5.80323 -11.30326,2.19321 -19.04908,2.7562 -34.48777,2.50668 -15.53881,-0.25115 -22.47417,-0.93788 -39.53526,-3.91474 -8.86387,-1.54659 -9.08094,-1.56754 -9.67426,-0.93328 -1.35737,1.45103 -11.436,18.01734 -11.32224,18.6104 0.11341,0.59083 0.89423,0.64263 12.85449,0.85263 28.09215,0.49326 47.81441,3.89982 62.15145,10.73517 19.88263,9.4793 27.52563,26.31673 20.77019,45.75683 -2.32152,6.68067 -7.3909,15.50141 -12.99353,22.60892 -1.2557,1.59298 -2.28309,3.03087 -2.28309,3.19531 0,0.6593 1.45956,0.70508 9.93219,0.31152 43.17201,-2.00538 70.42806,-5.66826 96.29888,-12.94136 27.65573,-7.77491 100.18937,-31.85327 166.87459,-55.39593 3.8949,-1.37505 5.48134,-1.79756 5.59894,-1.49114 0.0903,0.23517 0.12329,5.84898 0.0735,12.47512 l -0.0906,12.04753 -2.75417,0.97861 c -62.56827,22.23152 -145.65058,49.56677 -168.67464,55.49632 -30.88349,7.95366 -61.30306,11.37644 -117.58684,13.23079 -11.41512,0.37609 -38.07067,0.69471 -40.96824,0.48971 z M 554.75062,480.5755 c -1.24809,-1.24811 -0.89224,-2.43165 1.83016,-6.08625 5.71911,-7.67754 13.23264,-16.17214 21.10899,-23.86535 23.66902,-23.11873 47.99937,-36.24059 70.8028,-38.1854 2.97317,-0.25356 11.67823,-0.16896 32.53361,0.31622 15.66088,0.36433 36.14293,0.83393 45.5157,1.04354 9.37276,0.20962 17.23511,0.44288 17.4718,0.51834 0.58762,0.18739 0.63402,42.68191 0.0469,43.04473 -0.21083,0.1303 -15.3545,2.14429 -33.65253,4.47554 -18.29802,2.33124 -60.09526,7.65604 -92.88268,11.83289 -32.78742,4.17686 -60.16987,7.59428 -60.84993,7.59428 -0.77735,0 -1.49203,-0.25562 -1.92497,-0.68854 z"
     id="path4288"
     inkscape:connector-curvature="0" />
</svg>
